 r/a            s_alpha        s_alpha_i      s_alpha_e      frac_ai        frac_ae        E_alpha/E_c
                (MW/cm^3)      (MW/cm^3)      (MW/cm^3)                                    
 0.000000E+00   0.000000E+00   0.000000E+00   0.000000E+00   1.044380E-01   8.955620E-01   1.874706E+01
 2.279115E-01   0.000000E+00   0.000000E+00   0.000000E+00   9.349354E-02   9.065065E-01   2.123690E+01
 2.846053E-01   0.000000E+00   0.000000E+00   0.000000E+00   8.774457E-02   9.122554E-01   2.279912E+01
 3.407830E-01   0.000000E+00   0.000000E+00   0.000000E+00   8.111023E-02   9.188898E-01   2.488302E+01
 3.963178E-01   0.000000E+00   0.000000E+00   0.000000E+00   7.392473E-02   9.260753E-01   2.757077E+01
 4.512164E-01   0.000000E+00   0.000000E+00   0.000000E+00   6.653481E-02   9.334652E-01   3.095277E+01
 5.055216E-01   0.000000E+00   0.000000E+00   0.000000E+00   5.958429E-02   9.404157E-01   3.491410E+01
 5.591718E-01   0.000000E+00   0.000000E+00   0.000000E+00   5.374828E-02   9.462517E-01   3.904609E+01
 6.119536E-01   0.000000E+00   0.000000E+00   0.000000E+00   4.907219E-02   9.509278E-01   4.307835E+01
 6.635339E-01   0.000000E+00   0.000000E+00   0.000000E+00   4.517473E-02   9.548253E-01   4.708752E+01
 7.135192E-01   0.000000E+00   0.000000E+00   0.000000E+00   4.193500E-02   9.580650E-01   5.099618E+01
 7.615337E-01   0.000000E+00   0.000000E+00   0.000000E+00   3.926706E-02   9.607329E-01   5.470651E+01
 8.073262E-01   0.000000E+00   0.000000E+00   0.000000E+00   3.654359E-02   9.634564E-01   5.906094E+01
 8.507114E-01   0.000000E+00   0.000000E+00   0.000000E+00   3.292556E-02   9.670744E-01   6.597567E+01
