RADIAL_GRID=128
ORBIT_GRID=  8
PASS_GRID=  4
TRAP_GRID=  4
ENERGY_GRID= 16
BLEND_GRID=  8
BLEND_FIT_ORDER=  3
THETA_PLOT= 24
TOROIDAL_MIN= 12
TOROIDAL_GRID=  1
TOROIDAL_SEP= 10
TOROIDAL_REFERENCE=  2
SAFETY_FACTOR= 1.42276E+00
SHEAR= 4.60214E-01
DELTA= 2.95970E-02
ZETA=-1.74457E-03
S_DELTA= 4.14785E-02
S_ZETA=-7.77549E-03
KAPPA= 1.35643E+00
S_KAPPA= 3.43472E-02
SHIFT=-1.30589E-01
ASPECT_RATIO= 3.65184E+00
RADIUS= 4.00902E-01
BOX_MULTIPLIER= 2.00000E+00
RHO_STAR= 2.50000E-03
TIME_STEP= 2.00000E-02
TIME_MAX=-8.00001E+02
TIME_SKIP= 50
BOUNDARY_METHOD=  2
RADIAL_DERIVATIVE_BAND=  2
RADIAL_GYRO_BAND= 16
EXPLICIT_DAMP_GRID= 32
EXPLICIT_DAMP= 1.00000E+00
DEBUG_FLAG=  0
NONLINEAR_FLAG=  0
AMP_PHI_N= 1.00000E-04
AMP_PHI_0= 0.00000E+00
RADIAL_UPWIND= 1.00000E+00
ELECTRON_METHOD=  2
RADIAL_PROFILE_METHOD=  3
PLOT_U_FLAG=  1
PLOT_EPAR_FLAG=  0
PLOT_N_FLAG=  0
PLOT_E_FLAG=  0
PLOT_V_FLAG=  0
Z_EFF= 1.00000E+00
BETAE_UNIT= 7.87451E-03
AMPERE_SCALE= 1.00000E+00
N_FIELD=  3
SOURCE_METHOD=  1
NU_SOURCE= 1.00000E-01
VERBOSE_FLAG=  0
NU_EI= 1.76580E-02
NU_EI_SCALE= 1.00000E+00
NU_II_SCALE= 0.00000E+00
N_SOURCE=  1
FLAT_PROFILE_FLAG=  0
DENSITY_METHOD=  1
INTEGRATOR_METHOD=  1
ENERGY_MAX= 8.00000E+00
MU= 1.00000E+00
MU_2= 1.00000E-01
MU_3= 1.00000E+00
MU_4= 1.00000E+00
MU_5= 1.00000E+00
MU_ELECTRON= 6.00000E+01
DLNNDR= 1.29713E+00
DLNNDR_2= 7.88223E-01
DLNNDR_3= 1.00000E+00
DLNNDR_4= 1.00000E+00
DLNNDR_5= 1.00000E+00
DLNNDR_ELECTRON= 1.21911E+00
DLNTDR= 3.01304E+00
DLNTDR_2= 5.90966E-01
DLNTDR_3= 3.00000E+00
DLNTDR_4= 3.00000E+00
DLNTDR_5= 3.00000E+00
DLNTDR_ELECTRON= 1.81407E+00
NI_OVER_NE= 1.00000E+00
NI_OVER_NE_2= 1.00000E+00
NI_OVER_NE_3= 1.00000E+00
NI_OVER_NE_4= 0.00000E+00
NI_OVER_NE_5= 0.00000E+00
TI_OVER_TE= 1.04191E+00
TI_OVER_TE_2= 7.54654E+00
TI_OVER_TE_3= 1.00000E+00
TI_OVER_TE_4= 1.00000E+00
TI_OVER_TE_5= 1.00000E+00
EPS_DLNNDR= 0.00000E+00
EPS_DLNNDR_2= 0.00000E+00
EPS_DLNNDR_3= 0.00000E+00
EPS_DLNNDR_4= 0.00000E+00
EPS_DLNNDR_5= 0.00000E+00
EPS_DLNNDR_ELECTRON= 0.00000E+00
EPS_DLNTDR= 0.00000E+00
EPS_DLNTDR_2= 0.00000E+00
EPS_DLNTDR_3= 0.00000E+00
EPS_DLNTDR_4= 0.00000E+00
EPS_DLNTDR_5= 0.00000E+00
EPS_DLNTDR_ELECTRON= 0.00000E+00
Z= 1.00000E+00
Z_2= 4.90000E+01
Z_3= 1.00000E+00
Z_4= 0.00000E+00
Z_5= 0.00000E+00
ORBIT_UPWIND= 1.00000E+00
ORBIT_UPWIND_2= 1.00000E+00
ORBIT_UPWIND_3= 1.00000E+00
ORBIT_UPWIND_4= 1.00000E+00
ORBIT_UPWIND_5= 1.00000E+00
ORBIT_UPWIND_ELECTRON= 1.00000E+00
GAMMA_E= 0.00000E+00
GAMMA_E_SCALE= 1.00000E+00
GAMMA_P=-8.43292E-01
GAMMA_P_SCALE= 1.00000E+00
MACH=-3.91201E-01
MACH_SCALE= 1.00000E+00
LINDIFF_METHOD=  1
RESTART_NEW_FLAG=  1
RESTART_DATA_SKIP= 10
KILL_COLL_FLAG=  1
NL_METHOD=  1
KILL_GYRO_B_FLAG=  0
DIST_PRINT_FLAG=  0
UDSYMMETRY_FLAG=  1
GYRO_METHOD=  1
LAMBDA_DEBYE_SCALE= 0.00000E+00
LAMBDA_DEBYE= 0.00000E+00
THETA_MULT=  1
SILENT_FLAG=  0
L_X= 6.40000E+01
L_Y= 1.20000E-01
ENTROPY_FLAG=  0
EXTRA_PRINT_FLAG=  0
ORD_RBF=  3
NUM_EQUIL_FLAG=  0
ZMAG= 1.39128E-01
DZMAG=-2.46415E-02
OUTPUT_FLAG=  1
IPCCW=-1.00000E+00
BTCCW=-1.00000E+00
GEO_GRADBCURV_FLAG=  0
GEO_FASTIONBETA_FLAG=  0
GEO_BETAPRIME_SCALE= 1.00000E+00
POISSON_Z_EFF_FLAG=  1
Z_EFF_METHOD=  1
LINSOLVE_METHOD=  1
FIELDEIGEN_ROOT_METHOD=  1
FIELDEIGEN_WR=-3.00000E-01
FIELDEIGEN_WI= 2.00000E-01
FIELDEIGEN_TOL= 1.00000E-06
IC_METHOD=  1
ZF_TEST_FLAG=  0
